function thisLUT = fetchLUT(whichlut)
% return a LUT for custom imblend mesh modes 
% nothing uses this except imblend

	switch whichlut
		case 'overlay'
			% overlay [0 1 2 3 4]
			thisLUT = cat(3,repmat(0:1/19:1,[20 1]), ...
				[0,0,0,0,0,0,0,0,0,0,0.0526315789473686,0.157894736842105,0.263157894736842,0.368421052631579,0.473684210526316,0.578947368421053,0.684210526315789,0.789473684210526,0.894736842105263,1;0,0.00554016620498615,0.0110803324099723,0.0166204986149584,0.0221606648199446,0.0277008310249307,0.0332409972299169,0.0387811634349030,0.0443213296398892,0.0498614958448753,0.102493074792244,0.202216066481994,0.301939058171745,0.401662049861496,0.501385041551247,0.601108033240997,0.700831024930748,0.800554016620499,0.900277008310249,1;0,0.0110803324099723,0.0221606648199446,0.0332409972299169,0.0443213296398892,0.0554016620498615,0.0664819944598338,0.0775623268698061,0.0886426592797784,0.0997229916897507,0.152354570637119,0.246537396121884,0.340720221606648,0.434903047091413,0.529085872576177,0.623268698060942,0.717451523545706,0.811634349030471,0.905817174515236,1;0,0.0166204986149584,0.0332409972299169,0.0498614958448753,0.0664819944598338,0.0831024930747922,0.0997229916897507,0.116343490304709,0.132963988919668,0.149584487534626,0.202216066481995,0.290858725761773,0.379501385041551,0.468144044321330,0.556786703601108,0.645429362880887,0.734072022160665,0.822714681440443,0.911357340720222,1;0,0.0221606648199446,0.0443213296398892,0.0664819944598338,0.0886426592797784,0.110803324099723,0.132963988919668,0.155124653739612,0.177285318559557,0.199445983379501,0.252077562326870,0.335180055401662,0.418282548476454,0.501385041551247,0.584487534626039,0.667590027700831,0.750692520775623,0.833795013850416,0.916897506925208,1;0,0.0277008310249307,0.0554016620498615,0.0831024930747922,0.110803324099723,0.138504155124654,0.166204986149584,0.193905817174515,0.221606648199446,0.249307479224377,0.301939058171745,0.379501385041551,0.457063711911357,0.534626038781163,0.612188365650970,0.689750692520776,0.767313019390582,0.844875346260388,0.922437673130194,1;0,0.0332409972299169,0.0664819944598338,0.0997229916897507,0.132963988919668,0.166204986149584,0.199445983379501,0.232686980609418,0.265927977839335,0.299168975069252,0.351800554016621,0.423822714681441,0.495844875346260,0.567867036011080,0.639889196675900,0.711911357340720,0.783933518005540,0.855955678670360,0.927977839335180,1;0,0.0387811634349030,0.0775623268698061,0.116343490304709,0.155124653739612,0.193905817174515,0.232686980609418,0.271468144044321,0.310249307479224,0.349030470914127,0.401662049861496,0.468144044321330,0.534626038781163,0.601108033240997,0.667590027700831,0.734072022160665,0.800554016620499,0.867036011080333,0.933518005540166,1;0,0.0443213296398892,0.0886426592797784,0.132963988919668,0.177285318559557,0.221606648199446,0.265927977839335,0.310249307479224,0.354570637119114,0.398891966759003,0.451523545706371,0.512465373961219,0.573407202216066,0.634349030470914,0.695290858725762,0.756232686980609,0.817174515235457,0.878116343490305,0.939058171745152,1;0,0.0498614958448753,0.0997229916897507,0.149584487534626,0.199445983379501,0.249307479224377,0.299168975069252,0.349030470914127,0.398891966759003,0.448753462603878,0.501385041551247,0.556786703601108,0.612188365650970,0.667590027700831,0.722991689750693,0.778393351800554,0.833795013850415,0.889196675900277,0.944598337950139,1;0,0.0554016620498615,0.110803324099723,0.166204986149585,0.221606648199446,0.277008310249308,0.332409972299169,0.387811634349031,0.443213296398892,0.498614958448754,0.551246537396122,0.601108033240997,0.650969529085873,0.700831024930748,0.750692520775623,0.800554016620499,0.850415512465374,0.900277008310249,0.950138504155125,1;0,0.0609418282548476,0.121883656509695,0.182825484764543,0.243767313019391,0.304709141274238,0.365650969529086,0.426592797783934,0.487534626038781,0.548476454293629,0.601108033240997,0.645429362880887,0.689750692520776,0.734072022160665,0.778393351800554,0.822714681440443,0.867036011080332,0.911357340720222,0.955678670360111,1;0,0.0664819944598338,0.132963988919668,0.199445983379501,0.265927977839335,0.332409972299169,0.398891966759003,0.465373961218837,0.531855955678670,0.598337950138504,0.650969529085873,0.689750692520776,0.728531855955679,0.767313019390582,0.806094182825485,0.844875346260388,0.883656509695291,0.922437673130194,0.961218836565097,1;0,0.0720221606648199,0.144044321329640,0.216066481994460,0.288088642659280,0.360110803324100,0.432132963988920,0.504155124653740,0.576177285318560,0.648199445983380,0.700831024930748,0.734072022160665,0.767313019390582,0.800554016620499,0.833795013850416,0.867036011080333,0.900277008310249,0.933518005540166,0.966759002770083,1;0,0.0775623268698061,0.155124653739612,0.232686980609418,0.310249307479224,0.387811634349031,0.465373961218837,0.542936288088643,0.620498614958449,0.698060941828255,0.750692520775623,0.778393351800554,0.806094182825485,0.833795013850416,0.861495844875346,0.889196675900277,0.916897506925208,0.944598337950139,0.972299168975069,1;0,0.0831024930747922,0.166204986149584,0.249307479224377,0.332409972299169,0.415512465373961,0.498614958448753,0.581717451523546,0.664819944598338,0.747922437673130,0.800554016620499,0.822714681440443,0.844875346260388,0.867036011080333,0.889196675900277,0.911357340720222,0.933518005540166,0.955678670360111,0.977839335180055,1;0,0.0886426592797784,0.177285318559557,0.265927977839335,0.354570637119114,0.443213296398892,0.531855955678670,0.620498614958449,0.709141274238227,0.797783933518006,0.850415512465374,0.867036011080332,0.883656509695291,0.900277008310249,0.916897506925208,0.933518005540166,0.950138504155125,0.966759002770083,0.983379501385042,1;0,0.0941828254847645,0.188365650969529,0.282548476454294,0.376731301939058,0.470914127423823,0.565096952908587,0.659279778393352,0.753462603878116,0.847645429362881,0.900277008310249,0.911357340720222,0.922437673130194,0.933518005540166,0.944598337950139,0.955678670360111,0.966759002770083,0.977839335180055,0.988919667590028,1;0,0.0997229916897507,0.199445983379501,0.299168975069252,0.398891966759003,0.498614958448754,0.598337950138504,0.698060941828255,0.797783933518006,0.897506925207756,0.950138504155125,0.955678670360111,0.961218836565097,0.966759002770083,0.972299168975069,0.977839335180055,0.983379501385042,0.988919667590028,0.994459833795014,1;0,0.105263157894737,0.210526315789474,0.315789473684211,0.421052631578947,0.526315789473684,0.631578947368421,0.736842105263158,0.842105263157895,0.947368421052632,1,1,1,1,1,1,1,1,1,1], ...
				[0,0,0,0,0,0,0,0,0,0,0,0,0,0,0,0.157894736842105,0.368421052631579,0.578947368421053,0.789473684210527,1;0,0.000583175389998542,0.00116635077999708,0.00174952616999563,0.00233270155999417,0.00291587694999271,0.00349905233999125,0.00408222772998979,0.00466540311998834,0.00524857850998688,0.0107887447149730,0.0212859017349468,0.0317830587549205,0.0422802157748943,0.0552558682023619,0.244204694561890,0.433153520921417,0.622102347280945,0.811051173640473,1;0,0.00233270155999417,0.00466540311998834,0.00699810467998250,0.00933080623997667,0.0116635077999708,0.0139962093599650,0.0163289109199592,0.0186616124799533,0.0209943140399475,0.0320746464499198,0.0519026097098703,0.0717305729698207,0.0915585362297711,0.157311561452107,0.325849249161685,0.494386936871264,0.662924624580843,0.831462312290422,1;0,0.00524857850998688,0.0104971570199738,0.0157457355299606,0.0209943140399475,0.0262428925499344,0.0314914710599213,0.0367400495699081,0.0419886280798950,0.0472372065898819,0.0638577052048404,0.0918501239247704,0.119842542644700,0.147834961364630,0.253535500801866,0.402828400641493,0.552121300481120,0.701414200320747,0.850707100160373,1;0,0.00933080623997667,0.0186616124799533,0.0279924187199300,0.0373232249599067,0.0466540311998834,0.0559848374398600,0.0653156436798367,0.0746464499198134,0.0839772561597900,0.106137920979735,0.141128444379647,0.176118967779560,0.212713223501968,0.343927686251640,0.475142149001312,0.606356611750984,0.737571074500656,0.868785537250328,1;0,0.0145793847499635,0.0291587694999271,0.0437381542498907,0.0583175389998542,0.0728969237498177,0.0874763084997813,0.102055693249745,0.116635077999708,0.131214462749672,0.158915293774603,0.199737571074501,0.240559848374399,0.314185741361715,0.428488117801429,0.542790494241143,0.657092870680857,0.771395247120571,0.885697623560286,1;0,0.0209943140399475,0.0419886280798950,0.0629829421198425,0.0839772561597900,0.104971570199738,0.125965884239685,0.146960198279633,0.167954512319580,0.188948826359528,0.222189823589445,0.267677504009331,0.313165184429217,0.408660154541478,0.507216795451232,0.605773436360986,0.704330077270739,0.802886718180493,0.901443359090246,1;0,0.0285755941099286,0.0571511882198571,0.0857267823297857,0.114302376439714,0.142877970549643,0.171453564659571,0.200029158769500,0.228604752879428,0.257180346989357,0.295961510424260,0.344948243184138,0.412159206881470,0.496136463041260,0.580113719201050,0.664090975360840,0.748068231520630,0.832045487680420,0.916022743840210,1;0,0.0373232249599067,0.0746464499198134,0.111969674879720,0.149292899839627,0.186616124799533,0.223939349759440,0.261262574719347,0.298585799679253,0.335909024639160,0.380230354279049,0.435486222481411,0.506050444671235,0.576614666861058,0.647178889050882,0.717743111240706,0.788307333430529,0.858871555620353,0.929435777810177,1;0,0.0472372065898819,0.0944744131797638,0.141711619769646,0.188948826359528,0.236186032949410,0.283423239539291,0.330660446129173,0.377897652719055,0.425134859308937,0.475142149001312,0.533459688001166,0.591777227001020,0.650094766000875,0.708412305000729,0.766729844000583,0.825047383000437,0.883364922000292,0.941682461000146,1;0,0.0583175389998542,0.116635077999708,0.174952616999563,0.233270155999417,0.291587694999271,0.349905233999125,0.408222772998980,0.466540311998834,0.524857850998688,0.574865140691063,0.622102347280945,0.669339553870827,0.716576760460709,0.763813967050591,0.811051173640472,0.858288380230354,0.905525586820236,0.952762793410118,1;0,0.0705642221898236,0.141128444379647,0.211692666569471,0.282256888759294,0.352821110949118,0.423385333138942,0.493949555328765,0.564513777518589,0.619769645720951,0.664090975360840,0.701414200320747,0.738737425280653,0.776060650240560,0.813383875200467,0.850707100160373,0.888030325120280,0.925353550080187,0.962676775040093,1;0,0.0839772561597900,0.167954512319580,0.251931768479370,0.335909024639160,0.419886280798950,0.503863536958740,0.587840793118530,0.655051756815862,0.704038489575740,0.742819653010643,0.771395247120572,0.799970841230500,0.828546435340429,0.857122029450357,0.885697623560286,0.914273217670214,0.942848811780143,0.971424405890072,1;0,0.0985566409097536,0.197113281819507,0.295669922729261,0.394226563639014,0.492783204548768,0.591339845458522,0.686834815570783,0.732322495990669,0.777810176410556,0.811051173640472,0.832045487680420,0.853039801720367,0.874034115760315,0.895028429800262,0.916022743840210,0.937017057880157,0.958011371920105,0.979005685960053,1;0,0.114302376439714,0.228604752879429,0.342907129319143,0.457209505758857,0.571511882198571,0.685814258638286,0.759440151625602,0.800262428925499,0.841084706225397,0.868785537250328,0.883364922000292,0.897944306750255,0.912523691500219,0.927103076250182,0.941682461000146,0.956261845750109,0.970841230500073,0.985420615250036,1;0,0.131214462749672,0.262428925499344,0.393643388249016,0.524857850998688,0.656072313748360,0.787286776498032,0.823881032220440,0.858871555620353,0.893862079020265,0.916022743840210,0.925353550080187,0.934684356320163,0.944015162560140,0.953345968800117,0.962676775040093,0.972007581280070,0.981338387520047,0.990669193760023,1;0,0.149292899839627,0.298585799679253,0.447878699518880,0.597171599358507,0.746464499198134,0.852165038635370,0.880157457355300,0.908149876075230,0.936142294795160,0.952762793410118,0.958011371920105,0.963259950430092,0.968508528940079,0.973757107450066,0.979005685960052,0.984254264470039,0.989502842980026,0.994751421490013,1;0,0.168537687709579,0.337075375419157,0.505613063128736,0.674150750838315,0.842688438547893,0.908441463770229,0.928269427030179,0.948097390290130,0.967925353550080,0.979005685960053,0.981338387520047,0.983671089080041,0.986003790640035,0.988336492200029,0.990669193760023,0.993001895320018,0.995334596880012,0.997667298440006,1;0,0.188948826359528,0.377897652719055,0.566846479078583,0.755795305438111,0.944744131797638,0.957719784225106,0.968216941245080,0.978714098265053,0.989211255285027,0.994751421490013,0.995334596880012,0.995917772270010,0.996500947660009,0.997084123050007,0.997667298440006,0.998250473830004,0.998833649220003,0.999416824610002,1;0,0.210526315789474,0.421052631578947,0.631578947368421,0.842105263157895,1,1,1,1,1,1,1,1,1,1,1,1,1,1,1], ...
				[0,0,0,0,0,0,0,0,0,0,0,0,0,0,0,0,0,0.157894736842105,0.578947368421053,1;0,6.13868831577413e-05,0.000122773766315483,0.000184160649473224,0.000245547532630965,0.000306934415788706,0.000368321298946448,0.000429708182104189,0.000491095065261930,0.000552481948419671,0.00113565733841821,0.00224062123525756,0.00334558513209690,0.00445054902893624,0.00581640717919599,0.0257057573223042,0.0455951074654123,0.283983394848106,0.641991697424053,1;0,0.000491095065261930,0.000982190130523860,0.00147328519578579,0.00196438026104772,0.00245547532630965,0.00294657039157158,0.00343766545683351,0.00392876052209544,0.00441985558735737,0.00675255714735154,0.0109268652020779,0.0151011732568044,0.0192754813115308,0.0331182234636014,0.0685998419287759,0.104081460393950,0.396812486092034,0.698406243046018,1;0,0.00165744584525901,0.00331489169051803,0.00497233753577704,0.00662978338103606,0.00828722922629507,0.00994467507155408,0.0116021209168131,0.0132595667620721,0.0149170126073311,0.0201655911173180,0.0290053022920328,0.0378450134667475,0.0466847246414622,0.0800638423584841,0.127208968623629,0.245677979757675,0.497118653171784,0.748559326585892,1;0,0.00392876052209544,0.00785752104419088,0.0117862815662863,0.0157150420883818,0.0196438026104772,0.0235725631325726,0.0275013236546681,0.0314300841767635,0.0353588446988590,0.0446896509388357,0.0594225028966935,0.0741553548545514,0.0895634625271446,0.144811657369112,0.200059852211079,0.378457808027869,0.585638538685246,0.792819269342624,1;0,0.00767336039471766,0.0153467207894353,0.0230200811841530,0.0306934415788706,0.0383668019735883,0.0460401623683059,0.0537135227630236,0.0613868831577413,0.0690602435524589,0.0836396283024225,0.105125037407632,0.126610446512841,0.165360916506166,0.225520062000752,0.326217570460632,0.494663177845474,0.663108785230316,0.831554392615158,1;0,0.0132595667620721,0.0265191335241442,0.0397787002862163,0.0530382670482884,0.0662978338103606,0.0795574005724327,0.0928169673345048,0.106076534096577,0.119336100858649,0.140330414898597,0.169059476216419,0.197788537534242,0.258101150236723,0.325665088512212,0.460532070809770,0.595399053107327,0.730266035404885,0.865133017702442,1;0,0.0210557009231053,0.0421114018462105,0.0631671027693158,0.0842228036924210,0.105278504615526,0.126334205538632,0.147389906461737,0.168445607384842,0.189501308307947,0.218076902417876,0.254172389714628,0.303696257702136,0.365574235925139,0.469617329517116,0.575693863613693,0.681770397710269,0.787846931806846,0.893923465903423,1;0,0.0314300841767635,0.0628601683535271,0.0942902525302906,0.125720336707054,0.157150420883818,0.188580505060581,0.220010589237345,0.251440673414108,0.282870757590872,0.320193982550778,0.366725239984346,0.428058409619325,0.509764351102278,0.591470292585232,0.673176234068185,0.754882175551139,0.836588117034093,0.918294058517047,1;0,0.0447510378219934,0.0895020756439868,0.134253113465980,0.179004151287974,0.223755189109967,0.268506226931960,0.313257264753954,0.358008302575947,0.402759340397940,0.450134667474927,0.508904934738070,0.570291817895811,0.631678701053552,0.693065584211294,0.754452467369035,0.815839350526776,0.877226233684517,0.938613116842259,1;0,0.0613868831577413,0.122773766315483,0.184160649473224,0.245547532630965,0.306934415788707,0.368321298946448,0.429708182104189,0.491095065261930,0.549865332525073,0.597240659602060,0.641991697424053,0.686742735246046,0.731493773068040,0.776244810890033,0.820995848712027,0.865746886534020,0.910497924356013,0.955248962178007,1;0,0.0817059414829536,0.163411882965907,0.245117824448861,0.326823765931815,0.408529707414768,0.490235648897722,0.571941590380675,0.633274760015654,0.679806017449222,0.717129242409128,0.748559326585892,0.779989410762655,0.811419494939419,0.842849579116182,0.874279663292946,0.905709747469709,0.937139831646473,0.968569915823237,1;0,0.106076534096577,0.212153068193154,0.318229602289731,0.424306136386308,0.530382670482885,0.634425764074861,0.696303742297864,0.745827610285372,0.781923097582124,0.810498691692053,0.831554392615158,0.852610093538263,0.873665794461368,0.894721495384474,0.915777196307579,0.936832897230684,0.957888598153790,0.978944299076895,1;0,0.134866982297558,0.269733964595115,0.404600946892673,0.539467929190230,0.674334911487788,0.741898849763277,0.802211462465758,0.830940523783581,0.859669585101404,0.880663899141351,0.893923465903423,0.907183032665495,0.920442599427567,0.933702166189639,0.946961732951712,0.960221299713784,0.973480866475856,0.986740433237928,1;0,0.168445607384842,0.336891214769684,0.505336822154526,0.673782429539368,0.774479937999248,0.834639083493835,0.873389553487159,0.894874962592368,0.916360371697578,0.930939756447541,0.938613116842259,0.946286477236977,0.953959837631694,0.961633198026412,0.969306558421129,0.976979918815847,0.984653279210565,0.992326639605282,1;0,0.207180730657377,0.414361461314754,0.621542191972130,0.799940147788921,0.855188342630888,0.910436537472856,0.925844645145449,0.940577497103306,0.955310349061164,0.964641155301141,0.968569915823237,0.972498676345332,0.976427436867427,0.980356197389523,0.984284957911618,0.988213718433714,0.992142478955809,0.996071239477905,1;0,0.251440673414108,0.502881346828216,0.754322020242325,0.872791031376371,0.919936157641516,0.953315275358538,0.962154986533253,0.970994697707967,0.979834408882682,0.985082987392669,0.986740433237928,0.988397879083187,0.990055324928446,0.991712770773705,0.993370216618964,0.995027662464223,0.996685108309482,0.998342554154741,1;0,0.301593756953983,0.603187513907966,0.895918539606050,0.931400158071224,0.966881776536399,0.980724518688469,0.984898826743196,0.989073134797922,0.993247442852648,0.995580144412643,0.996071239477905,0.996562334543167,0.997053429608429,0.997544524673690,0.998035619738952,0.998526714804214,0.999017809869476,0.999508904934738,1;0,0.358008302575947,0.716016605151894,0.954404892534588,0.974294242677696,0.994183592820804,0.995549450971064,0.996654414867903,0.997759378764742,0.998864342661582,0.999447518051580,0.999508904934738,0.999570291817896,0.999631678701054,0.999693065584211,0.999754452467369,0.999815839350527,0.999877226233685,0.999938613116842,1;0,0.421052631578947,0.842105263157895,1,1,1,1,1,1,1,1,1,1,1,1,1,1,1,1,1], ...
				[0,0,0,0,0,0,0,0,0,0,0,0,0,0,0,0,0,0,0.157894736842106,1;0,6.46177717449908e-06,1.29235543489982e-05,1.93853315234972e-05,2.58471086979963e-05,3.23088858724954e-05,3.87706630469945e-05,4.52324402214936e-05,5.16942173959926e-05,5.81559945704917e-05,0.000119542877728233,0.000235854866869216,0.000352166856010200,0.000468478845151183,0.000612253387283789,0.00270586919182149,0.00479948499635919,0.0298929889313796,0.321668479329785,1;0,0.000103388434791985,0.000206776869583971,0.000310165304375956,0.000413553739167941,0.000516942173959926,0.000620330608751912,0.000723719043543897,0.000827107478335882,0.000930495913127867,0.00142159097838980,0.00230039267412167,0.00317919436985355,0.00405799606558542,0.00697225757128451,0.0144420719850054,0.0219118863987264,0.0835394707562177,0.460305908608663,1;0,0.000523403951134425,0.00104680790226885,0.00157021185340328,0.00209361580453770,0.00261701975567213,0.00314042370680655,0.00366382765794098,0.00418723160907540,0.00471063556020983,0.00636808140546885,0.00915956914485245,0.0119510568842360,0.0147425446236197,0.0252833186395213,0.0401712532495672,0.0775825199234763,0.156984837843721,0.576520971092029,1;0,0.00165421495667176,0.00330842991334353,0.00496264487001529,0.00661685982668706,0.00827107478335882,0.00992528974003059,0.0115795046967024,0.0132337196533741,0.0148879346100459,0.0188166951321413,0.0250200012196604,0.0312233073071795,0.0377109315903766,0.0609733294185733,0.0842357272467700,0.159350656011734,0.345745061081968,0.672872530540985,1;0,0.00403861073406193,0.00807722146812385,0.0121158322021858,0.0161544429362477,0.0201930536703096,0.0242316644043715,0.0282702751384335,0.0323088858724954,0.0363474966065573,0.0440208570012750,0.0553289670566484,0.0666370771120217,0.0870320613190345,0.118694769474080,0.171693458137175,0.260349040971302,0.503528736128886,0.751764368064444,1;0,0.00837446321815081,0.0167489264363016,0.0251233896544524,0.0334978528726032,0.0418723160907540,0.0502467793089048,0.0586212425270557,0.0669957057452065,0.0753701689633573,0.0886297357254294,0.106774406031423,0.124919076337416,0.163011252781088,0.205683213797187,0.290862360511434,0.446335546357395,0.630890364238264,0.815445182119132,1;0,0.0155147269959723,0.0310294539919446,0.0465441809879169,0.0620589079838892,0.0775736349798615,0.0930883619758337,0.108603088971806,0.124117815967778,0.139632542963751,0.160688243886856,0.187284918737094,0.223776189885784,0.269370489629050,0.346033821749454,0.464034354038349,0.598025765528761,0.732017177019174,0.866008588509587,1;0,0.0264674393067482,0.0529348786134965,0.0794023179202447,0.105869757226993,0.132337196533741,0.158804635840489,0.185272075147238,0.211739514453986,0.238206953760734,0.269637037937498,0.308821254723660,0.360470239679431,0.432358722328953,0.526965601940795,0.621572481552636,0.716179361164477,0.810786240776318,0.905393120388159,1;0,0.0423957200418885,0.0847914400837769,0.127187160125665,0.169582880167554,0.211978600209442,0.254374320251331,0.296770040293219,0.339165760335108,0.381561480376996,0.426443369186773,0.483057826040073,0.547675597785064,0.612293369530055,0.676911141275046,0.741528913020037,0.806146684765027,0.870764456510018,0.935382228255009,1;0,0.0646177717449909,0.129235543489982,0.193853315234973,0.258471086979963,0.323088858724954,0.387706630469945,0.452324402214936,0.516942173959927,0.573556630813227,0.618438519623004,0.660834239664892,0.703229959706781,0.745625679748670,0.788021399790558,0.830417119832446,0.872812839874335,0.915208559916223,0.957604279958112,1;0,0.0946068796118411,0.189213759223682,0.283820638835523,0.378427518447364,0.473034398059205,0.567641277671046,0.639529760320569,0.691178745276340,0.730362962062502,0.761793046239266,0.788260485546014,0.814727924852762,0.841195364159511,0.867662803466259,0.894130242773007,0.920597682079755,0.947065121386504,0.973532560693252,1;0,0.133991411490413,0.267982822980826,0.401974234471239,0.535965645961652,0.653966178250546,0.730629510370950,0.776223810114216,0.812715081262906,0.839311756113144,0.860367457036249,0.875882184032222,0.891396911028194,0.906911638024166,0.922426365020139,0.937941092016111,0.953455819012083,0.968970546008055,0.984485273004028,1;0,0.184554817880868,0.369109635761737,0.553664453642605,0.709137639488567,0.794316786202813,0.836988747218912,0.875080923662584,0.893225593968577,0.911370264274571,0.924629831036643,0.933004294254794,0.941378757472944,0.949753220691095,0.958127683909246,0.966502147127397,0.974876610345548,0.983251073563698,0.991625536781849,1;0,0.248235631935557,0.496471263871114,0.739650959028698,0.828306541862826,0.881305230525920,0.912967938680966,0.933362922887978,0.944671032943352,0.955979142998725,0.963652503393443,0.967691114127505,0.971729724861567,0.975768335595629,0.979806946329691,0.983845557063752,0.987884167797814,0.991922778531876,0.995961389265938,1;0,0.327127469459016,0.654254938918032,0.840649343988265,0.915764272753230,0.939026670581427,0.962289068409623,0.968776692692820,0.974979998780340,0.981183304867859,0.985112065389954,0.986766280346626,0.988420495303298,0.990074710259969,0.991728925216641,0.993383140173313,0.995037355129985,0.996691570086656,0.998345785043328,1;0,0.423479028907972,0.843015162156279,0.922417480076524,0.959828746750433,0.974716681360479,0.985257455376380,0.988048943115764,0.990840430855148,0.993631918594531,0.995289364439790,0.995812768390925,0.996336172342059,0.996859576293193,0.997382980244328,0.997906384195462,0.998429788146597,0.998953192097731,0.999476596048866,1;0,0.539694091391338,0.916460529243782,0.978088113601274,0.985557928014995,0.993027742428716,0.995942003934415,0.996820805630146,0.997699607325878,0.998578409021610,0.999069504086872,0.999172892521664,0.999276280956456,0.999379669391248,0.999483057826040,0.999586446260832,0.999689834695624,0.999793223130416,0.999896611565208,1;0,0.678331520670216,0.970107011068621,0.995200515003641,0.997294130808179,0.999387746612716,0.999531521154849,0.999647833143990,0.999764145133131,0.999880457122272,0.999941844005430,0.999948305782604,0.999954767559779,0.999961229336953,0.999967691114128,0.999974152891302,0.999980614668477,0.999987076445651,0.999993538222826,1;0,0.842105263157895,1,1,1,1,1,1,1,1,1,1,1,1,1,1,1,1,1,1]);
		case 'interpolate'
			% interpolate [1 2 3 4 6 8 12]
			thisLUT = cat(3,[0 0.00340967414931942 0.0135456895748413 0.0301315621983777 0.0527148726509016 0.0806796070935647 0.113262960469393 0.149576143836758 0.1886286282148 0.229355163631917 0.270644836368083 0.3113713717852 0.350423856163242 0.386737039530607 0.419320392906435 0.447285127349098 0.469868437801622 0.486454310425159 0.496590325850681 0.5;0.00340967414931942 0.00681934829863884 0.0169553637241608 0.0335412363476972 0.056124546800221 0.0840892812428841 0.116672634618713 0.152985817986077 0.19203830236412 0.232764837781236 0.274054510517402 0.314781045934519 0.353833530312562 0.390146713679926 0.422730067055755 0.450694801498418 0.473278111950942 0.489863984574478 0.5 0.503409674149319;0.0135456895748414 0.0169553637241608 0.0270913791496827 0.0436772517732191 0.066260562225743 0.0942252966684061 0.126808650044235 0.163121833411599 0.202174317789642 0.242900853206758 0.284190525942924 0.324917061360041 0.363969545738084 0.400282729105448 0.432866082481277 0.46083081692394 0.483414127376464 0.5 0.510136015425522 0.513545689574841;0.0301315621983778 0.0335412363476972 0.0436772517732191 0.0602631243967555 0.0828464348492794 0.110811169291942 0.143394522667771 0.179707706035135 0.218760190413178 0.259486725830295 0.300776398566461 0.341502933983578 0.38055541836162 0.416868601728984 0.449451955104813 0.477416689547476 0.5 0.516585872623536 0.526721888049058 0.530131562198378;0.0527148726509016 0.056124546800221 0.0662605622257429 0.0828464348492793 0.105429745301803 0.133394479744466 0.165977833120295 0.202291016487659 0.241343500865702 0.282070036282818 0.323359709018985 0.364086244436101 0.403138728814144 0.439451912181508 0.472035265557337 0.5 0.522583310452524 0.53916918307606 0.549305198501582 0.552714872650902;0.0806796070935647 0.0840892812428841 0.094225296668406 0.110811169291942 0.133394479744466 0.161359214187129 0.193942567562958 0.230255750930322 0.269308235308365 0.310034770725482 0.351324443461648 0.392050978878765 0.431103463256807 0.467416646624171 0.5 0.527964734442663 0.550548044895187 0.567133917518723 0.577269932944245 0.580679607093565;0.113262960469393 0.116672634618713 0.126808650044235 0.143394522667771 0.165977833120295 0.193942567562958 0.226525920938787 0.262839104306151 0.301891588684193 0.34261812410131 0.383907796837476 0.424634332254593 0.463686816632636 0.5 0.532583353375829 0.560548087818492 0.583131398271016 0.599717270894552 0.609853286320074 0.613262960469393;0.149576143836758 0.152985817986077 0.163121833411599 0.179707706035135 0.202291016487659 0.230255750930322 0.262839104306151 0.299152287673515 0.338204772051558 0.378931307468674 0.420220980204841 0.460947515621957 0.5 0.536313183367364 0.568896536743193 0.596861271185856 0.61944458163838 0.636030454261916 0.646166469687438 0.649576143836758;0.1886286282148 0.19203830236412 0.202174317789642 0.218760190413178 0.241343500865702 0.269308235308365 0.301891588684193 0.338204772051558 0.3772572564296 0.417983791846717 0.459273464582883 0.5 0.539052484378043 0.575365667745407 0.607949021121235 0.635913755563899 0.658497066016422 0.675082938639959 0.685218954065481 0.6886286282148;0.229355163631917 0.232764837781236 0.242900853206758 0.259486725830295 0.282070036282818 0.310034770725482 0.34261812410131 0.378931307468674 0.417983791846717 0.458710327263834 0.5 0.540726535417117 0.579779019795159 0.616092203162524 0.648675556538352 0.676640290981015 0.699223601433539 0.715809474057076 0.725945489482597 0.729355163631917;0.270644836368083 0.274054510517403 0.284190525942924 0.300776398566461 0.323359709018985 0.351324443461648 0.383907796837476 0.420220980204841 0.459273464582883 0.5 0.541289672736166 0.582016208153283 0.621068692531325 0.65738187589869 0.689965229274518 0.717929963717181 0.740513274169705 0.757099146793242 0.767235162218764 0.770644836368083;0.3113713717852 0.314781045934519 0.324917061360041 0.341502933983578 0.364086244436101 0.392050978878765 0.424634332254593 0.460947515621957 0.5 0.540726535417117 0.582016208153283 0.6227427435704 0.661795227948442 0.698108411315806 0.730691764691635 0.758656499134298 0.781239809586822 0.797825682210358 0.80796169763588 0.8113713717852;0.350423856163242 0.353833530312562 0.363969545738084 0.38055541836162 0.403138728814144 0.431103463256807 0.463686816632636 0.5 0.539052484378043 0.579779019795159 0.621068692531325 0.661795227948442 0.700847712326485 0.737160895693849 0.769744249069678 0.797708983512341 0.820292293964865 0.836878166588401 0.847014182013923 0.850423856163242;0.386737039530607 0.390146713679926 0.400282729105448 0.416868601728984 0.439451912181508 0.467416646624171 0.5 0.536313183367364 0.575365667745407 0.616092203162524 0.65738187589869 0.698108411315806 0.737160895693849 0.773474079061213 0.806057432437042 0.834022166879705 0.856605477332229 0.873191349955765 0.883327365381287 0.886737039530607;0.419320392906435 0.422730067055755 0.432866082481277 0.449451955104813 0.472035265557337 0.5 0.532583353375828 0.568896536743193 0.607949021121235 0.648675556538352 0.689965229274518 0.730691764691635 0.769744249069678 0.806057432437042 0.83864078581287 0.866605520255534 0.889188830708057 0.905774703331594 0.915910718757116 0.919320392906435;0.447285127349098 0.450694801498418 0.46083081692394 0.477416689547476 0.5 0.527964734442663 0.560548087818492 0.596861271185856 0.635913755563899 0.676640290981015 0.717929963717181 0.758656499134298 0.797708983512341 0.834022166879705 0.866605520255534 0.894570254698197 0.917153565150721 0.933739437774257 0.943875453199779 0.947285127349098;0.469868437801622 0.473278111950942 0.483414127376464 0.5 0.522583310452524 0.550548044895187 0.583131398271016 0.61944458163838 0.658497066016422 0.699223601433539 0.740513274169705 0.781239809586822 0.820292293964865 0.856605477332229 0.889188830708057 0.917153565150721 0.939736875603244 0.956322748226781 0.966458763652303 0.969868437801622;0.486454310425159 0.489863984574478 0.5 0.516585872623536 0.53916918307606 0.567133917518723 0.599717270894552 0.636030454261916 0.675082938639959 0.715809474057076 0.757099146793242 0.797825682210358 0.836878166588401 0.873191349955765 0.905774703331594 0.933739437774257 0.956322748226781 0.972908620850317 0.983044636275839 0.986454310425159;0.496590325850681 0.5 0.510136015425522 0.526721888049058 0.549305198501582 0.577269932944245 0.609853286320074 0.646166469687438 0.685218954065481 0.725945489482597 0.767235162218764 0.80796169763588 0.847014182013923 0.883327365381287 0.915910718757116 0.943875453199779 0.966458763652303 0.983044636275839 0.993180651701361 0.996590325850681;0.5 0.503409674149319 0.513545689574841 0.530131562198378 0.552714872650902 0.580679607093565 0.613262960469393 0.649576143836758 0.6886286282148 0.729355163631917 0.770644836368083 0.8113713717852 0.850423856163242 0.886737039530607 0.919320392906435 0.947285127349098 0.969868437801622 0.986454310425159 0.996590325850681 1], ...
				[0 2.86854293977123e-05 0.000452664514796419 0.00223850839669626 0.00684090031877177 0.0159750055431053 0.0313204850526759 0.0541948698506387 0.0852527450140725 0.124275388089496 0.170104537762792 0.220742565933084 0.273598175951449 0.32581758909482 0.374621354525569 0.417573654687349 0.45274010710069 0.478728902011568 0.494644198795337 0.5;2.86854293977123e-05 0.000114738426175487 0.000709171518904095 0.0027732945835896 0.00775211151888622 0.0173457806736578 0.0332131463312625 0.0566455723977651 0.0882678340238476 0.127830652761277 0.174148076806957 0.22520119486767 0.278386452124725 0.330847890710832 0.379813230902933 0.422860907757893 0.45807464163406 0.484081074795083 0.5 0.505355801204663;0.000452664514796419 0.000709171518904095 0.00180983843853383 0.00469968595042614 0.0107939693038684 0.0217470903287225 0.0391548964835839 0.0642301009446971 0.0975084522320259 0.138650019894164 0.186387351774714 0.238639644797351 0.292768673309418 0.345913937263087 0.395326349624893 0.438628348716976 0.473958759779191 0.5 0.515918925204917 0.521271097988432;0.00223850839669626 0.0027732945835896 0.00469968595042614 0.00893398990741684 0.0168397023929737 0.0299927562856748 0.0498824552804589 0.0775901988183836 0.113504928290335 0.157139161913307 0.207094895124343 0.261194627856916 0.316749186129412 0.370896894034578 0.420932615624134 0.464555971286041 0.5 0.526041240220809 0.541925358365939 0.54725989289931;0.00684090031877177 0.00775211151888622 0.0107939693038684 0.0168397023929737 0.0271764096064015 0.0432663460742684 0.0664473038364067 0.0976172366214162 0.136963573654807 0.183800131899155 0.236557314915946 0.292935511386427 0.350187935771743 0.405463797195419 0.456129582823271 0.5 0.535444028713959 0.561371651283024 0.577139092242106 0.582426345312651;0.0159750055431053 0.0173457806736577 0.0217470903287225 0.0299927562856748 0.0432663460742684 0.0628792189640123 0.0899723102406472 0.125210256765496 0.168529762052799 0.219003486012323 0.274860387264052 0.333665742136177 0.392620603467097 0.448907524545681 0.5 0.543870417176728 0.579067384375866 0.604673650375107 0.620186769097067 0.625378645474431;0.0313204850526759 0.0332131463312625 0.0391548964835839 0.0498824552804589 0.0664473038364067 0.0899723102406473 0.121358049074964 0.160990966773351 0.208516381672863 0.262735116190338 0.321658747028654 0.382718876091675 0.443083030570098 0.5 0.551092475454319 0.594536202804581 0.629103105965422 0.654086062736913 0.669152109289168 0.67418241090518;0.0541948698506387 0.0566455723977651 0.0642301009446971 0.0775901988183836 0.0976172366214162 0.125210256765496 0.160990966773351 0.205031143730044 0.256655876927552 0.314377949765526 0.37599129599626 0.43881027661713 0.5 0.556916969429902 0.607379396532903 0.649812064228257 0.683250813870588 0.707231326690582 0.721613547875275 0.726401824048551;0.0852527450140725 0.0882678340238476 0.0975084522320259 0.113504928290335 0.136963573654807 0.168529762052799 0.208516381672863 0.256655876927552 0.311938857926552 0.372590017748294 0.43620130728544 0.5 0.56118972338287 0.617281123908324 0.666334257863823 0.707064488613572 0.738805372143084 0.761360355202649 0.77479880513233 0.779257434066916;0.124275388089495 0.127830652761277 0.138650019894164 0.157139161913307 0.183800131899155 0.219003486012323 0.262735116190338 0.314377949765526 0.372590017748294 0.435324064018803 0.5 0.56379869271456 0.62400870400374 0.678341252971345 0.725139612735947 0.763442685084053 0.792905104875657 0.813612648225286 0.825851923193042 0.829895462237207;0.170104537762793 0.174148076806958 0.186387351774714 0.207094895124343 0.236557314915946 0.274860387264052 0.321658747028654 0.37599129599626 0.43620130728544 0.5 0.564675935981197 0.627409982251706 0.685622050234474 0.737264883809662 0.780996513987677 0.816199868100845 0.842860838086693 0.861349980105836 0.872169347238723 0.875724611910504;0.220742565933084 0.22520119486767 0.238639644797351 0.261194627856916 0.292935511386427 0.333665742136177 0.382718876091675 0.43881027661713 0.5 0.56379869271456 0.627409982251706 0.688061142073448 0.743344123072448 0.791483618327137 0.831470237947201 0.863036426345192 0.886495071709665 0.902491547767974 0.911732165976152 0.914747254985927;0.273598175951449 0.278386452124725 0.292768673309418 0.316749186129412 0.350187935771743 0.392620603467097 0.443083030570098 0.5 0.56118972338287 0.62400870400374 0.685622050234474 0.743344123072448 0.794968856269956 0.839009033226648 0.874789743234504 0.902382763378584 0.922409801181616 0.935769899055303 0.943354427602235 0.945805130149361;0.32581758909482 0.330847890710832 0.345913937263087 0.370896894034578 0.405463797195419 0.448907524545681 0.5 0.556916969429902 0.617281123908324 0.678341252971345 0.737264883809662 0.791483618327137 0.839009033226648 0.878641950925036 0.910027689759352 0.933552696163593 0.950117544719541 0.960845103516416 0.966786853668737 0.968679514947324;0.374621354525569 0.379813230902933 0.395326349624893 0.420932615624134 0.456129582823271 0.5 0.551092475454319 0.607379396532903 0.666334257863823 0.725139612735947 0.780996513987677 0.831470237947201 0.874789743234504 0.910027689759352 0.937120781035988 0.956733653925732 0.970007243714325 0.978252909671277 0.982654219326342 0.984024994456895;0.417573654687349 0.422860907757893 0.438628348716976 0.464555971286041 0.5 0.543870417176728 0.594536202804581 0.649812064228257 0.707064488613572 0.763442685084053 0.816199868100845 0.863036426345192 0.902382763378584 0.933552696163593 0.956733653925731 0.972823590393598 0.983160297607026 0.989206030696132 0.992247888481114 0.993159099681228;0.45274010710069 0.45807464163406 0.473958759779191 0.5 0.535444028713959 0.579067384375866 0.629103105965422 0.683250813870588 0.738805372143084 0.792905104875657 0.842860838086693 0.886495071709665 0.922409801181616 0.950117544719541 0.970007243714325 0.983160297607026 0.991066010092583 0.995300314049574 0.99722670541641 0.997761491603304;0.478728902011568 0.484081074795083 0.5 0.526041240220809 0.561371651283024 0.604673650375107 0.654086062736913 0.707231326690582 0.761360355202649 0.813612648225286 0.861349980105836 0.902491547767974 0.935769899055303 0.960845103516416 0.978252909671277 0.989206030696132 0.995300314049574 0.998190161561466 0.999290828481096 0.999547335485204;0.494644198795337 0.5 0.515918925204917 0.541925358365939 0.577139092242106 0.620186769097067 0.669152109289168 0.721613547875275 0.77479880513233 0.825851923193042 0.872169347238723 0.911732165976152 0.943354427602235 0.966786853668737 0.982654219326342 0.992247888481114 0.99722670541641 0.999290828481096 0.999885261573825 0.999971314570602;0.5 0.505355801204663 0.521271097988432 0.54725989289931 0.582426345312651 0.625378645474431 0.67418241090518 0.726401824048551 0.779257434066916 0.829895462237207 0.875724611910504 0.914747254985927 0.945805130149361 0.968679514947324 0.984024994456895 0.993159099681228 0.997761491603304 0.999547335485204 0.999971314570602 1], ...
